33.1
33.2
33.1
33.7
33.1
33.1
33.1
33.2
33.1
33.2
33.4
33.2
33.1
33.1
35.5
33.1
33.1
33.1
33.1
33.1
33.1
33.2
33.1
33.2
33.1
33.1
33.1
33.2
33.1
33.2
33.1
33.2
33.1
33.1
33.1
33.2
33.5
33.3
33.1
33.1
33.4
33.1
33.1
33.1
33.1
33.1
33.4
33.2
33.1
33.1
33.1
33.5
33.2
33.1
33.1
33.4
33.1
33.2
33.1
33.1
33.1
33.0
33.1
33.0
33.0
33.4
33.1
33.1
33.4
33.1
33.1
33.1
33.1
33.2
33.1
33.1
33.1
33.1
33.1
33.1
33.1
33.1
33.1
33.1
33.1
33.1
33.2
33.2
33.1
33.1
33.1
33.1
33.1
33.1
33.1
33.1
33.1
33.1
33.1
33.1
33.6
33.2
33.3
33.5
33.1
33.3
49.5
33.1
33.1
33.1
33.2
33.1
33.2
33.1
33.4
33.1
33.1
33.1
33.1
33.1
33.1
33.1
33.1
33.2
33.1
33.1
33.1
33.1
33.2
33.1
33.1
33.1
33.1
33.1
33.1
33.1
33.1
33.1
33.0
33.1
33.1
33.1
33.1
33.1
33.1
33.2
33.1
33.1
33.1
33.1
33.2
33.1
33.1
33.1
33.1
33.1
33.4
33.1
33.1
33.1
33.1
33.1
33.0
33.3
33.3
33.1
33.5
33.2
33.1
33.1
33.1
33.5
33.4
33.2
33.5
33.8
33.1
33.0
33.1
33.1
33.1
33.2
33.2
33.1
33.1
33.1
33.1
33.1
33.3
33.1
33.1
33.1
33.1
33.1
33.3
33.1
33.1
33.5
33.2
33.1
33.0
33.1
33.1
33.1
33.1
33.1
33.1
33.1
33.2
33.1
33.2
33.1
33.1
33.2
33.2
33.2
33.1
33.3
33.1
33.1
33.0
33.3
33.1
33.1
33.1
33.2
33.1
33.1
33.1
33.3
33.1
33.1
33.1
33.1
33.1
33.2
33.1
33.1
33.1
38.6
33.1
33.1
33.1
33.1
33.3
33.1
33.1
33.1
33.1
33.3
33.1
33.0
33.1
33.2
33.1
33.1
33.2
33.0
33.1
33.1
33.1
33.2
33.1
33.1
33.1
33.2
33.3
33.1
33.1
33.1
33.3
33.4
33.1
33.4
33.1
33.3
33.1
33.1
33.1
33.1
33.1
33.3
33.1
33.0
33.0
33.1
33.7
33.2
33.1
33.1
33.2
33.1
33.1
33.1
33.1
33.1
33.0
33.1
34.2
33.1
