0.294
0.274
0.322
0.358
0.361
0.299
0.343
0.349
0.349
0.344
0.343
0.341
0.344
0.284
0.320
0.333
0.306
0.280
0.316
0.335
0.343
0.327
0.333
0.347
0.346
0.325
0.336
0.348
0.348
0.327
0.349
0.321
0.340
0.347
0.344
0.336
0.341
0.338
0.369
0.350
0.313
0.316
0.318
0.365
0.310
0.305
0.305
0.351
0.283
0.291
0.360
0.314
0.322
0.317
0.320
0.352
0.342
0.324
0.309
0.354
0.348
0.330
0.345
0.316
0.303
0.347
0.353
0.367
0.319
0.328
0.321
0.302
0.350
0.345
0.294
0.339
0.325
0.292
0.310
0.351
0.337
0.330
0.296
0.323
0.284
0.341
0.311
0.353
0.334
0.298
0.348
0.334
0.301
0.341
0.380
0.331
0.327
0.335
0.790
0.272
0.342
0.341
0.342
4.76
0.288
0.337
0.345
0.311
0.364
0.324
0.327
0.281
0.945
0.342
0.275
0.346
0.379
0.326
0.323
0.288
0.339
0.317
0.332
0.328
0.326
0.353
0.346
0.607
0.281
0.271
0.304
0.292
0.285
0.406
0.285
0.277
0.285
0.288
0.276
0.295
0.273
0.292
0.290
0.298
0.280
0.293
0.285
0.291
0.310
0.307
0.273
0.305
0.345
0.300
0.331
0.300
0.271
0.270
0.274
0.283
0.294
0.296
0.265
0.302
0.280
0.277
0.309
0.282
0.278
0.277
0.318
0.285
0.349
0.280
0.272
0.298
0.309
0.273
0.273
0.288
0.284
0.293
0.278
0.285
0.278
0.335
0.289
0.340
0.324
0.318
0.326
0.345
0.334
0.357
0.322
0.325
0.355
0.330
0.316
0.333
0.325
0.327
0.310
0.341
0.278
0.281
0.346
0.338
0.329
0.322
0.333
0.276
0.310
0.335
0.337
0.296
0.269
0.262
0.269
0.279
0.351
0.335
0.328
0.337
0.301
0.318
0.273
0.280
0.281
0.330
0.347
0.330
0.328
0.340
0.304
0.304
0.372
0.381
0.397
0.338
0.338
0.339
0.297
0.447
0.279
0.432
0.330
0.283
0.279
0.302
0.338
0.345
0.319
0.341
0.319
0.331
0.301
0.358
0.347
0.331
0.350
0.304
0.338
0.342
0.325
0.352
0.376
0.351
0.326
8.17
9.06
2.82
3.59
9.24
0.323
0.333
0.281
0.283
0.340
0.304
0.356
0.340
0.337
0.339
0.373
0.328
0.353
0.353
0.332
0.308
0.319
0.351
0.333
0.301
0.347
0.323
0.335
0.346
0.294
0.363
