20.52 0.02
20.54 0.02
20.56 0.02
20.58 0
20.6 0
20.62 0
20.64 0.04
20.66 0.02
20.68 0
20.7 0
20.72 0
20.74 0.02
20.76 0.02
20.78 0
20.8 0.02
20.82 0
20.84 0.02
20.86 0
20.88 0
20.9 0
20.92 0.04
20.94 0.02
20.96 0
20.98 0
21 0
21.02 0.04
21.04 0.02
21.06 0
21.08 0
21.1 0
21.12 0
21.14 0
21.16 0
21.18 0
21.2 0
21.22 0.02
21.24 0
21.26 0
21.28 0
21.3 0.04
21.32 0.02
21.4 0.1
21.42 0.08
21.44 0.06
21.5 0
21.46 0.04
21.48 0.08
21.52 0.04
21.56 0
21.58 0.02
21.6 0
21.62 0.02
21.64 0.02
21.66 0
21.68 0.02
21.7 0.02
21.72 0
