10.86 0.236
10.88 0.336
10.9 0.324
10.92 0.304
10.94 0.284
10.96 0.264
10.98 0.244
11 0.224
11.02 0.236
11.04 0.312
11.06 0.292
11.08 0.272
11.1 0.252
11.12 0.232
11.14 0.212
11.58 0.284
11.6 0.264
11.62 0.256
11.64 0.256
11.66 0.332
11.68 0.312
11.7 0.292
11.72 0.396
11.74 0.38
11.76 0.36
11.78 0.34
11.8 0.32
11.82 0.3
11.84 0.28
11.86 0.26
11.88 0.24
11.9 0.22
11.92 0.328
11.94 0.308
11.96 0.288
11.98 0.268
12 0.248
12.02 0.228
12.04 0.208
12.06 0.316
12.08 0.296
12.1 0.276
12.12 2.432
12.14 2.412
12.16 2.392
12.18 2.372
12.2 2.352
12.22 2.332
12.24 2.312
12.26 2.292
12.28 2.272
12.3 2.252
12.32 2.232
12.34 2.212
12.36 2.32
12.38 2.3
12.4 2.28
12.42 2.26
12.44 2.24
12.46 2.22
12.48 2.2
12.5 2.18
12.52 2.16
12.56 2.12
12.58 2.1
12.6 2.08
12.62 2.06
12.64 2.04
12.66 2.02
12.68 2
12.7 1.98
12.72 1.96
12.74 1.94
12.76 1.92
12.78 1.9
12.8 1.88
12.82 1.86
12.9 1.78
12.92 1.76
12.94 1.74
12.96 1.72
12.98 1.7
13 1.68
13.02 1.788
14.36 0.448
14.38 0.428
14.4 0.408
14.42 0.388
14.44 0.368
14.46 0.348
14.48 0.328
14.5 0.308
14.52 0.288
14.54 0.268
14.56 0.376
14.58 0.356
14.6 0.336
14.62 0.316
14.64 0.296
14.66 0.276
14.68 0.256
14.7 0.236
14.72 0.216
14.74 0.324
14.76 0.304
14.78 0.284
14.8 0.264
14.82 0.244
14.84 0.224
14.86 0.332
14.88 0.312
14.9 0.292
14.92 0.272
14.94 0.252
14.96 0.232
14.98 0.236
15 0.32
15.02 0.3
15.04 0.28
15.06 0.26
15.08 0.24
15.1 0.348
15.12 0.328
15.14 0.308
15.16 0.288
15.18 0.268
15.2 0.248
15.22 0.228
15.42 0.284
15.44 0.264
15.46 0.244
15.48 0.224
15.5 0.332
15.52 0.312
15.54 0.292
15.56 0.272
15.58 0.252
15.6 0.232
15.62 0.236
15.64 0.32
15.66 0.3
15.68 0.28
15.7 0.26
15.72 0.24
15.74 0.22
15.76 0.328
15.78 0.308
15.8 0.288
15.82 0.268
15.86 0.228
15.88 0.336
15.9 0.316
15.92 0.296
15.94 0.276
15.96 0.256
15.98 0.236
16 0.216
16.02 0.196
16.04 0.304
16.06 0.284
16.08 0.264
16.1 0.244
16.12 0.224
16.14 0.332
16.16 0.312
16.18 0.292
16.2 0.272
16.22 0.252
16.24 0.232
16.26 0.212
16.28 0.32
16.3 0.3
16.32 0.28
16.34 0.26
16.36 0.24
16.38 0.22
16.4 0.2
16.42 0.308
16.44 0.288
16.46 0.268
16.48 0.248
16.5 0.228
16.52 0.236
16.54 0.316
16.56 0.296
16.58 0.276
16.6 0.256
16.62 0.236
16.64 0.216
16.66 0.324
16.68 0.304
16.7 0.284
16.72 0.264
16.74 0.244
16.76 0.352
16.78 0.332
16.8 0.312
16.82 0.292
16.84 0.272
16.86 0.252
16.88 0.232
16.9 0.212
16.92 0.32
16.94 0.3
16.96 0.28
17.02 0.348
17.04 0.328
17.06 0.308
17.08 0.288
17.1 0.268
17.12 0.248
17.14 0.228
17.16 0.336
17.18 0.316
17.38 0.244
17.4 0.256
17.42 0.332
17.44 0.312
17.46 0.292
17.48 0.272
17.5 0.252
17.52 0.232
17.54 0.212
17.56 0.32
17.58 0.3
17.6 0.28
17.62 0.26
17.64 0.24
17.66 0.22
17.68 0.256
17.7 0.308
17.72 0.288
17.74 0.268
17.76 0.248
17.78 0.228
17.8 0.316
17.82 0.316
17.84 0.296
17.86 0.276
17.88 0.256
17.9 0.236
17.92 0.276
17.94 0.324
17.96 0.304
17.98 0.284
18 0.264
18.02 0.244
18.04 0.224
18.06 0.332
18.08 0.312
18.1 0.292
18.12 0.272
18.14 0.252
18.16 0.232
18.18 0.236
18.2 0.236
18.22 0.3
18.24 0.28
18.26 0.26
18.28 0.24
18.3 0.22
18.32 0.2
18.34 0.308
18.36 0.288
18.38 0.268
18.4 0.248
18.42 0.228
18.44 0.276
18.46 0.316
18.48 0.296
18.5 0.276
18.52 0.256
18.54 0.236
18.56 0.256
18.58 0.324
18.6 0.304
18.62 0.284
18.64 0.264
18.66 0.244
18.68 0.224
18.7 0.332
18.72 0.312
18.74 0.292
18.76 0.272
18.78 0.252
18.8 0.232
18.82 0.212
18.84 0.32
18.86 0.3
18.88 0.28
18.9 0.26
18.92 0.24
18.94 0.22
18.96 0.328
18.98 0.308
19 0.288
19.02 0.268
19.04 0.248
19.06 0.228
19.08 0.208
19.1 0.316
19.12 0.296
19.14 0.276
19.4 0.272
19.42 0.252
19.44 0.232
19.46 0.34
19.48 0.32
19.5 0.3
19.52 0.28
19.54 0.26
19.56 0.24
19.58 0.22
19.6 0.328
19.62 0.308
19.64 0.288
19.66 0.268
19.68 0.248
19.7 0.356
19.72 0.336
19.74 0.316
19.76 0.296
19.78 0.276
19.8 0.256
19.82 0.236
19.84 0.216
19.86 0.324
19.88 0.304
19.9 0.284
19.92 0.264
19.94 0.244
19.96 0.352
19.98 0.332
20 0.312
20.02 0.292
20.04 0.272
20.06 0.252
20.08 0.232
20.1 0.212
20.12 0.32
20.14 0.3
20.16 0.28
20.18 0.26
20.2 0.24
20.22 0.348
20.24 0.328
20.26 0.308
20.28 0.288
20.46 0.364
20.48 0.344
20.5 0.452
20.52 0.432
20.54 0.412
20.56 0.392
20.58 0.372
20.6 0.352
20.62 0.332
20.64 0.312
20.66 0.292
20.68 0.272
20.7 0.252
20.72 0.232
20.74 0.256
20.76 0.32
20.78 0.3
20.8 0.28
20.82 0.26
20.84 0.24
20.86 0.22
20.88 0.328
20.9 0.308
20.92 0.288
20.94 0.268
20.96 0.248
20.98 0.228
21 0.208
21.02 0.316
21.04 0.296
21.06 0.276
21.08 0.256
21.1 0.236
21.12 0.216
21.14 0.324
21.16 0.304
21.18 0.284
21.2 0.264
21.22 0.244
21.24 0.224
21.26 0.332
21.28 0.312
21.3 0.292
21.32 0.272
21.34 0.252
21.36 0.232
21.38 0.34
21.4 0.32
21.42 0.3
21.44 0.28
21.46 0.26
21.48 0.24
21.5 0.22
21.52 0.328
21.54 0.308
21.56 0.288
21.58 0.268
21.6 0.248
21.62 0.228
21.64 0.256
21.96 0.272
21.98 0.252
22 0.232
22.02 0.34
22.04 0.32
22.06 0.3
22.08 0.28
22.1 0.26
22.12 0.296
22.14 0.296
22.16 0.328
22.18 0.308
22.2 0.288
22.22 0.268
22.24 0.248
22.26 0.228
22.28 0.208
22.3 0.316
22.32 0.296
22.34 0.276
22.36 0.256
22.38 0.236
22.4 0.216
22.42 0.324
22.44 0.304
22.46 0.284
22.48 0.264
22.5 0.244
22.52 0.224
22.54 0.332
22.56 0.312
22.58 0.292
22.6 0.272
22.62 0.252
22.64 0.232
22.66 0.212
22.68 0.32
22.7 0.3
22.72 0.28
22.74 0.26
22.76 0.24
22.78 0.22
22.8 0.236
22.82 0.308
22.84 0.288
23.2 0.312
23.22 0.292
23.24 0.272
23.26 0.252
23.28 0.232
23.3 0.212
23.32 0.32
23.34 0.3
23.36 0.28
23.38 0.26
23.4 0.24
23.42 0.22
23.44 0.328
23.46 0.308
23.48 0.288
23.5 0.268
23.52 0.248
23.54 0.228
23.56 0.208
23.58 0.316
23.6 0.296
23.62 0.276
23.64 0.256
23.66 0.236
23.68 0.344
23.7 0.324
23.72 0.304
23.74 0.284
23.76 0.264
23.78 0.244
23.8 0.224
23.82 0.332
23.84 0.312
23.86 0.292
23.88 0.272
23.9 0.252
23.92 0.232
23.94 0.212
23.96 0.236
23.98 0.3
24 0.28
24.02 0.26
24.04 0.24
24.06 0.22
24.08 0.256
25.28 0.28
25.3 0.26
25.32 0.24
25.34 0.22
25.36 0.2
25.38 0.308
25.4 0.288
25.42 0.268
25.44 0.248
25.46 0.228
25.48 0.208
25.5 0.316
25.52 0.296
25.54 0.276
25.56 0.256
25.58 0.236
25.6 0.216
25.62 0.324
25.64 0.304
25.66 0.284
25.68 0.264
25.7 0.244
25.72 0.224
25.74 0.204
25.76 0.312
25.78 0.292
25.8 0.272
25.82 0.252
25.84 0.232
25.86 0.212
25.88 0.32
25.9 0.3
25.92 0.28
25.94 0.26
25.96 0.24
25.98 0.22
26 0.2
26.02 0.308
26.04 0.288
26.06 0.268
26.08 0.248
26.1 0.228
26.12 0.208
26.14 0.296
26.16 0.296
26.18 0.276
26.2 0.256
26.22 0.236
26.24 0.216
26.26 0.196
26.28 0.304
26.3 0.284
26.32 0.264
26.34 0.244
26.36 0.224
26.38 0.332
26.4 0.312
26.42 0.292
26.44 0.272
26.46 0.252
26.48 0.232
26.5 0.212
26.52 0.32
26.54 0.3
26.56 0.28
26.58 0.26
26.6 0.24
26.62 0.22
26.64 0.296
26.66 0.308
26.68 0.288
26.7 0.268
26.72 0.248
26.74 0.228
26.76 0.208
26.78 0.256
26.8 0.296
26.82 0.276
26.84 0.256
26.86 0.236
26.88 0.216
26.9 0.324
26.92 0.304
26.94 0.284
26.96 0.264
26.98 0.244
27 0.224
27.02 0.332
27.04 0.312
27.06 0.292
27.08 0.272
27.1 0.252
27.12 0.232
27.14 0.276
27.16 0.276
27.18 0.3
27.2 0.28
27.22 0.26
27.24 0.24
27.26 0.22
27.28 0.316
27.3 0.308
27.32 0.288
