80.1
80.2
80.1
80.3
80.1
80.2
80.2
80.2
80.2
80.2
80.2
80.1
80.2
80.2
80.2
80.1
80.2
80.1
80.2
80.2
80.1
80.1
80.1
80.3
80.1
80.1
80.2
80.2
80.2
80.1
80.1
80.1
80.1
80.2
80.2
80.2
80.1
80.2
80.1
80.1
80.2
80.1
80.2
80.1
80.2
80.1
80.2
80.2
80.2
80.1
80.1
80.1
80.1
80.1
80.2
80.3
80.1
80.2
80.1
82.7
80.2
80.1
80.5
80.2
80.2
80.1
80.3
80.2
80.2
80.1
80.2
80.2
80.2
80.1
80.2
80.2
80.1
80.3
80.1
80.1
80.2
80.1
80.1
80.3
80.1
80.1
80.1
80.1
80.2
80.2
80.1
80.2
80.2
80.1
80.1
80.1
80.1
80.2
80.1
80.4
80.1
80.3
80.2
80.2
80.5
80.3
80.1
80.2
80.2
80.1
80.2
80.1
80.2
80.2
80.2
80.2
80.2
80.3
80.1
80.1
80.2
80.1
80.2
80.1
80.2
80.2
80.2
80.1
80.1
80.1
80.1
80.2
80.1
80.1
80.1
80.2
80.1
80.3
80.1
80.3
80.2
80.1
80.2
80.1
80.4
80.1
80.1
80.1
80.1
80.1
80.1
80.1
80.4
80.3
80.3
80.2
80.1
80.2
80.1
80.2
80.4
80.1
80.1
80.2
80.1
80.1
80.3
81.1
80.2
80.1
80.1
80.1
88.0
80.1
80.2
80.1
80.1
80.1
80.1
80.1
80.2
80.1
81.5
80.1
80.2
80.1
80.3
80.1
80.2
82.8
80.3
80.2
80.1
80.2
80.2
80.1
80.1
80.3
80.2
80.3
80.1
80.2
80.1
80.2
80.1
80.1
80.2
80.2
80.1
80.2
80.1
80.1
80.2
80.4
80.2
80.1
80.2
80.1
80.1
80.1
80.1
80.1
80.2
80.4
80.1
80.1
80.2
80.2
80.2
80.1
80.1
80.1
80.1
80.1
80.1
80.1
80.2
80.2
80.1
80.1
80.2
80.2
80.1
80.2
80.1
80.2
80.2
80.1
80.2
80.2
80.1
80.5
86.6
80.1
80.1
80.3
80.1
80.2
80.4
80.2
80.1
80.2
80.2
80.1
80.1
80.2
80.2
80.2
80.2
80.1
80.2
80.2
80.2
80.1
80.2
80.2
80.2
80.2
80.1
80.3
80.2
80.1
80.2
80.1
80.5
80.2
80.5
80.1
80.1
80.2
80.1
80.2
80.1
80.1
80.2
80.1
80.3
80.2
80.2
80.1
