48.18 0.484
48.2 0.464
48.22 0.572
48.24 0.552
48.26 0.532
48.28 0.512
48.3 0.492
48.32 0.6
48.34 0.58
48.38 0.54
48.4 0.52
48.42 0.5
48.44 0.48
48.46 0.588
48.48 0.568
48.5 0.548
48.52 0.528
48.54 0.508
48.56 0.616
48.58 0.596
48.6 0.576
48.62 0.556
48.64 0.536
48.66 0.644
48.68 0.624
48.7 0.604
48.72 0.584
48.74 0.564
48.76 0.544
48.78 0.652
48.8 0.632
48.82 0.612
48.84 0.592
48.86 0.572
48.88 0.572
48.9 0.66
48.92 0.64
48.94 0.62
48.96 0.6
48.98 0.58
49 0.632
49.02 0.668
49.04 0.648
49.06 0.628
49.08 0.608
49.1 0.588
49.12 0.696
49.14 0.676
49.16 0.656
49.18 0.636
49.22 0.612
49.24 0.652
49.26 0.672
49.28 0.664
49.3 0.644
49.32 0.624
49.34 0.604
49.36 0.584
49.38 0.564
49.4 0.544
49.42 0.652
49.44 0.632
49.46 0.612
49.48 0.592
49.5 0.572
49.52 0.572
50.12 0.336
50.14 0.316
50.16 0.296
50.18 0.352
50.2 0.384
50.22 0.364
50.24 0.472
50.26 0.452
50.28 0.432
50.3 0.412
50.32 0.392
50.34 0.372
50.36 0.352
50.38 0.332
50.4 0.312
50.42 0.292
50.44 0.272
50.46 0.312
50.48 0.312
50.5 0.34
50.52 0.32
50.54 0.3
50.56 0.28
50.58 0.26
50.6 0.24
50.62 0.348
50.64 0.328
50.66 0.308
50.68 0.288
50.7 0.268
50.72 0.332
50.74 0.356
50.76 0.336
50.78 0.316
50.8 0.296
50.82 0.276
50.84 0.292
50.86 0.364
50.88 0.344
50.9 0.324
50.92 0.304
50.94 0.412
50.96 0.392
50.98 0.372
51 0.352
51.02 0.332
51.04 0.312
51.06 0.292
51.08 0.4
51.1 0.38
51.12 0.36
51.14 0.34
51.16 0.32
51.18 0.312
51.2 0.312
51.22 0.388
51.24 0.368
51.26 0.348
51.28 0.328
51.3 0.372
51.32 0.416
51.34 0.396
51.36 0.376
51.38 0.356
51.4 0.336
51.42 0.316
51.44 0.296
51.46 0.404
51.48 0.384
51.5 0.364
51.52 0.344
51.54 0.324
51.56 0.332
51.58 0.412
51.6 0.392
51.62 0.372
51.64 0.352
51.66 0.332
51.68 0.372
51.7 0.42
51.72 0.4
51.74 0.38
51.76 0.36
51.78 0.34
51.8 0.448
51.82 0.428
51.84 0.408
52.04 0.336
52.06 0.316
52.08 0.296
52.1 0.276
52.12 0.332
52.14 0.364
52.16 0.344
52.18 0.324
52.2 0.304
52.22 0.412
52.24 0.392
52.26 0.372
52.28 0.352
52.3 0.332
52.32 0.312
52.34 0.42
52.36 0.4
52.4 0.36
52.42 0.34
52.44 0.32
52.46 0.428
52.48 0.408
52.5 0.388
52.52 0.368
52.54 0.412
52.56 0.456
52.58 0.436
52.6 0.416
52.62 0.396
52.64 0.376
52.66 0.356
52.68 0.336
52.7 0.316
52.72 0.296
52.74 0.404
52.76 0.384
52.78 0.364
52.8 0.344
52.82 0.324
52.84 0.304
52.86 0.284
52.88 0.392
52.9 0.372
52.92 0.352
52.94 0.332
52.96 0.312
52.98 0.292
53 0.4
53.02 0.38
53.04 0.36
53.06 0.34
53.08 0.32
53.1 0.3
53.12 0.28
53.14 0.388
53.16 0.368
53.28 0.376
53.3 0.484
53.32 0.464
53.34 0.532
53.36 0.552
53.38 0.532
53.4 0.512
53.42 0.62
53.44 0.6
53.46 0.672
53.48 0.688
53.64 0.656
53.66 0.636
54.18 0.884
56.06 1.052
56.12 1.12
56.14 1.1
55.78 1.46
56.56 1.448
57.12 1.332
57.16 1.312
57.24 1.408
57.26 1.388
57.28 1.368
57.3 1.348
57.38 1.396
57.54 1.236
57.56 1.216
57.58 1.324
57.6 1.304
57.62 1.284
57.7 1.204
57.72 1.312
57.74 1.292
57.76 1.272
57.78 1.38
58.96 1.608
60.76 1.344
60.9 1.332
61.32 1.424
61.68 1.576
61.74 1.516
62.06 1.452
62.14 1.5
62.16 1.48
62.26 1.636
62.42 1.476
62.46 1.436
62.48 1.544
62.52 1.632
62.56 1.72
62.58 1.7
62.6 1.68
62.62 1.788
62.64 1.768
62.72 1.816
62.84 1.824
63 1.664
63.02 1.644
63.24 1.552
63.4 1.52
63.42 1.5
63.52 1.528
63.54 1.508
63.56 1.488
63.58 1.468
63.68 1.368
63.82 1.356
63.84 1.336
63.96 1.344
64 1.304
64.02 1.54
64.12 1.44
64.14 1.42
64.16 1.4
64.18 1.38
64.2 1.488
64.22 1.468
64.24 1.452
64.3 1.516
64.32 1.496
64.38 1.692
64.44 1.632
64.48 1.592
64.5 1.572
64.64 1.688
64.66 1.668
64.74 1.588
65 1.456
65.02 1.452
65.04 1.544
65.16 1.552
65.18 1.532
65.3 1.54
65.34 1.628
65.36 1.608
65.52 1.448
65.54 1.556
65.7 1.652
65.72 1.632
65.74 1.612
65.86 1.62
65.88 1.6
65.9 1.708
65.92 1.688
65.98 1.628
66 1.608
66.02 1.588
66.18 1.556
66.2 1.536
66.22 1.516
66.44 1.552
66.52 1.6
66.54 1.58
66.66 1.46
66.68 1.44
66.7 1.42
66 2.248
66.88 1.496
66.9 1.476
66.92 1.456
66.94 1.472
67.12 1.512
67.24 1.472
67.26 1.5
67.32 1.44
67.56 1.584
67.64 1.572
67.66 1.612
67.68 1.592
67.74 1.788
67.76 1.768
67.8 1.856
67.82 1.836
67.92 1.992
68.32 1.592
68.34 1.572
68.58 1.588
69.56 1.632
69.58 1.612
69.6 1.592
69.62 1.572
69.7 1.62
69.72 1.6
69.74 1.708
69.88 1.568
69.9 1.548
70.02 1.556
70.04 1.536
70.22 1.484
70.24 1.464
70.34 1.492
70.36 1.6
70.38 1.58
70.56 1.4
70.58 1.38
70.6 1.488
70.72 1.368
70.74 1.348
70.76 1.328
70.78 1.436
70.82 1.524
70.84 1.504
70.86 1.484
70.94 1.532
70.96 1.512
71.24 1.616
71.36 1.496
71.38 1.604
71.52 1.592
71.6 1.64
71.86 1.636
71.94 1.632
71.96 1.664
71.98 1.644
72.02 1.604
72.04 1.712
72.06 1.692
72.22 1.532
72.24 1.512
72.26 1.62
72.5 1.38
72.52 1.36
73.02 1.116
73.04 1.096
73.06 1.204
73.12 1.272
73.16 1.232
73.18 1.212
73.2 1.32
73.36 1.16
73.38 1.268
73.44 1.332
73.46 1.316
73.54 1.236
73.56 1.216
73.58 1.324
73.66 1.244
73.68 1.352
73.7 1.332
74.04 1.504
74.06 1.612
74.08 1.592
74.16 1.512
74.18 1.62
74.2 1.6
74.4 1.528
74.42 1.508
74.5 1.684
74.52 1.792
74.54 1.772
74.78 1.772
74.8 1.768
74.82 1.748
74.96 1.736
75.1 1.596
75.12 1.704
76.04 1.424
76.14 1.452
76.16 1.432
76.36 1.36
76.38 1.468
76.4 1.448
76.42 1.428
76.62 1.356
77.16 1.432
77.24 1.376
76.42 2.452
78.28 1.488
78.3 1.468
78.38 1.516
78.4 1.496
78.5 1.396
78.52 1.504
78.7 1.452
79.06 1.348
79.14 1.396
79.3 1.236
79.32 1.216
79.36 1.304
79.44 1.224
79.56 1.232
79.58 1.212
79.6 1.192
79.62 1.172
79.64 1.152
79.72 1.2
80.02 1.028
80.14 0.908
80.16 0.888
80.18 0.868
80.26 0.788
80.28 0.768
80.3 0.748
80.36 0.816
80.46 0.716
80.52 0.912
80.9 1.428
81.72 1.376
81.88 1.512
82.02 1.46
82.04 1.44
82.2 1.408
82.22 1.516
82.3 1.436
82.54 1.452
82.56 1.432
82.58 1.412
82.62 1.372
82.64 1.352
82.66 1.332
82.8 1.32
82.92 1.328
83.08 1.296
83.1 1.404
83.16 1.472
83.2 1.56
83.22 1.54
83.24 1.648
83.26 1.628
83.4 1.616
83.42 1.596
83.44 1.576
83.56 1.584
83.6 1.544
83.62 1.652
83.64 1.632
83.82 1.452
83.84 1.432
83.86 1.54
83.88 1.52
83.9 1.5
83.94 1.588
83.96 1.568
84.06 1.596
84.08 1.576
84.32 1.412
84.34 1.444
84.48 1.304
85.26 1.164
85.28 1.152
85.3 1.192
85.44 1.112
85.46 1.092
85.48 1.2
85.56 1.12
85.58 1.1
85.82 1.116
85.84 1.096
85.92 1.144
85.94 1.124
85.98 1.084
86.06 1.132
86.08 1.112
86.1 1.092
86.12 1.2
86.2 1.12
86.46 0.988
86.48 0.968
86.5 1.076
86.52 1.056
86.54 1.036
86.56 1.016
86.78 1.052
86.8 1.032
86.84 0.992
86.86 0.972
86.88 0.952
86.9 0.932
86.94 0.892
87.02 0.94
87.04 0.92
87.06 0.9
87.2 0.888
87.22 0.868
87.32 0.768
87.34 0.748
87.38 0.836
87.4 0.816
87.52 0.696
87.54 0.804
87.56 0.852
87.58 0.892
87.72 1.008
88.54 0.956
88.56 0.936
88.64 0.984
88.7 1.052
88.72 1.032
88.74 1.012
88.76 1.12
89.58 0.812
89.6 0.792
89.62 0.772
89.64 0.88
89.7 0.948
89.72 0.928
89.8 0.976
89.88 1.024
91.34 1.1
91.82 1.26
91.84 1.24
91.86 1.22
92.12 1.344
93.56 1.312
93.74 1.26
93.82 1.308
93.84 1.288
93.86 1.396
94.66 1.108
95.38 1.156
95.88 1.168
96.38 1.436
96.56 1.384
96.58 1.492
96.6 1.472
96.62 1.572
96.68 1.52
96.7 1.5
96.76 1.568
97.06 1.524
97.26 1.452
97.34 1.372
97.36 1.352
98.4 1.464
98.46 1.404
98.9 1.348
98.92 1.328
98.98 1.268
100 1.272
100.04 1.36
100.18 1.348
